1756722671.657679 0.0000000 0.0000000 0.0000000 0.0000000 0.0000000 0.0000000 1.0000000
1756722671.670104 -0.1127791 0.0113696 0.2967193 -0.0002671 0.0029799 0.0006531 0.9999953
1756722671.693944 -0.0885650 0.0123937 0.3234281 -0.0002428 0.0034660 0.0015198 0.9999928
1756722671.817035 -0.0408760 0.0334320 0.7782212 -0.0000498 0.0064135 0.0048121 0.9999679
1756722672.115362 -0.0751350 0.0820201 1.2437223 -0.0016901 0.0116385 0.0119579 0.9998593
1756722672.243090 -0.0718185 0.0831552 1.2465532 -0.0018057 0.0126256 0.0097897 0.9998707
1756722672.340676 -0.0523962 0.0890424 1.2717303 -0.0014660 0.0136893 0.0047740 0.9998938
1756722672.454569 -0.0170367 0.1046591 1.3800998 -0.0012479 0.0153171 -0.0006365 0.9998817
1756722672.570162 0.0856145 0.1244571 1.4769492 -0.0013245 0.0143206 -0.0016397 0.9998952
1756722672.726126 0.1313537 0.1486821 1.6339421 -0.0014325 0.0182424 0.0042287 0.9998236
1756722672.858402 0.1962294 0.1679942 1.7593669 -0.0021420 0.0209200 0.0135953 0.9996864
1756722673.194284 0.2921975 0.2132419 2.0527520 -0.0014869 0.0289394 0.0296101 0.9991414
1756722673.477829 0.3156777 0.2277355 2.1637309 -0.0008813 0.0372986 0.0329029 0.9987620
1756722673.670035 0.3254309 0.2335369 2.1922343 -0.0004594 0.0419841 0.0339774 0.9985403
1756722673.856417 0.3240161 0.2322739 2.1989319 -0.0008875 0.0479231 0.0361708 0.9981955
1756722674.355974 0.3362733 0.2370160 2.2325840 -0.0004001 0.0585499 0.0410218 0.9974412
1756722675.559603 0.3492073 0.2439241 2.2665379 -0.0009417 0.0661424 0.0377480 0.9970955
1756722675.732498 0.3505348 0.2426244 2.2530072 -0.0007185 0.0628856 0.0390754 0.9972553
1756722676.326292 0.4352373 0.2591256 2.3029974 -0.0005752 0.0359493 0.0379103 0.9986342
1756722676.543327 0.4376870 0.2589284 2.3046937 0.0003955 0.0235767 0.0220880 0.9994779
1756722676.805192 0.4328067 0.2476790 2.2754943 0.0048668 0.0213564 0.0076920 0.9997305
1756722677.022412 0.3946300 0.2418745 2.3447676 0.0041001 0.0269096 0.0096975 0.9995824
1756722677.223889 0.3982402 0.2572631 2.5156431 0.0056676 0.0350922 0.0086981 0.9993302
1756722677.450707 0.4234198 0.2592740 2.5782800 0.0067357 0.0335139 0.0093529 0.9993718
1756722679.981612 0.4102993 -0.0169900 0.1235208 0.0016907 0.0141794 -0.0042736 0.9998889
1756722680.186563 0.3797255 -0.0254371 -0.2742471 0.0003541 0.0133181 -0.0037215 0.9999043
1756722680.413597 0.3765599 -0.0245779 -0.5747250 0.0002439 0.0129481 -0.0053977 0.9999016
1756722680.635421 0.4189515 -0.0194592 -0.7731776 -0.0001596 0.0130757 -0.0071252 0.9998891
1756722680.872853 0.5367721 -0.0138336 -0.9062858 -0.0012662 0.0119193 -0.0087512 0.9998899
1756722681.094728 0.5460360 0.0047270 -0.8280047 -0.0025520 0.0130368 -0.0088681 0.9998724
1756722681.326956 0.5920579 0.0252383 -0.7326965 -0.0043574 0.0133814 -0.0075291 0.9998726
1756722681.564732 0.5939905 0.0454227 -0.6164852 -0.0055568 0.0152617 -0.0089789 0.9998278
1756722681.775495 0.5862002 0.1546266 -0.4210414 -0.0044795 0.0165731 -0.0051617 0.9998393
1756722682.275019 0.5900918 0.2403630 -0.2810414 -0.0074727 0.0192185 -0.0068461 0.9997640
1756722682.814502 0.5150425 0.3621996 -0.0966002 -0.0076974 0.0200388 -0.0111207 0.9997077
1756722683.040019 0.5016146 0.3888927 -0.0818821 -0.0092711 0.0227912 -0.0121749 0.9996231
1756722683.723892 0.5020269 0.4759980 -0.1234417 -0.0121394 0.0271879 -0.0168076 0.9994153
1756722684.209879 0.4947721 0.5120080 -0.0953257 -0.0129396 0.0247082 -0.0114172 0.9995458
1756722684.464775 0.4956950 0.5133736 -0.0974125 -0.0127886 0.0249331 -0.0123969 0.9995304
1756722684.702758 0.5127594 0.5095215 -0.1078475 -0.0125438 0.0244699 -0.0108454 0.9995630
1756722684.966761 0.4964908 0.5086944 -0.0950835 -0.0110368 0.0243326 -0.0080427 0.9996107
1756722685.215832 0.4937218 0.5090958 -0.0970702 -0.0091989 0.0224601 -0.0033667 0.9996998
1756722685.756518 0.4982223 0.3605818 -0.4215537 -0.0089425 0.0203890 0.0003039 0.9997521
1756722685.999961 0.5002647 0.3301184 -0.4482113 -0.0069344 0.0192476 0.0078650 0.9997598
1756722686.242230 0.4286372 0.2736358 -0.2921911 -0.0062103 0.0203898 0.0147673 0.9996638
1756722686.798369 0.5446088 0.0997616 -0.3301839 -0.0023484 0.0191582 0.0187587 0.9996377
1756722687.068789 0.6046699 0.0487925 -0.4164641 -0.0005398 0.0204821 0.0147289 0.9996816
1756722687.308483 0.6876267 -0.0428135 -0.4850946 0.0012872 0.0216078 0.0162461 0.9996337
1756722687.574798 0.7703311 -0.1253032 -0.5301647 0.0042697 0.0249576 0.0268228 0.9993195
1756722687.907865 1.0856827 -0.1730984 0.2200253 0.0059159 0.0341178 0.0512417 0.9980858
